version: 1
creator: callgrind-3.11.0
pid: 14729
cmd:  ../blur_serial
part: 1


desc: I1 cache: 
desc: D1 cache: 
desc: LL cache: 

desc: Timerange: Basic block 0 - 45881
desc: Trigger: Program termination

positions: line
events: Ir
summary: 206189


ob=(3) /lib/x86_64-linux-gnu/libc-2.23.so
fl=(59) /build/glibc-t3gR2i/glibc-2.23/string/../sysdeps/x86_64/strrchr.S
fn=(234) rindex
24 1
+1 1
+1 1
+1 1
+1 1
+1 1
+1 1
+1 1
+1 1
+1 1
+1 1
+1 1
+1 1
+1 1
+1 1
+1 1
+1 1
+1 1
+1 1
+1 1
+1 1
+1 1
+1 1
+1 1

fl=(74) /build/glibc-t3gR2i/glibc-2.23/malloc/malloc.c
fn=(304) malloc
2900 3
+5 2
+1 2
+1 1
+20 3
-20 1
cfi=(75) /build/glibc-t3gR2i/glibc-2.23/malloc/hooks.c
cfn=(306) malloc_hook_ini
calls=1 29 
* 59502

fn=(322) _int_malloc
3347 3
-30 2
+30 1
-30 4
+30 3
-30 1
+30 3
+4 3
+14 2
+37 2
+2 3
+1 3
+2 1
-2 1
+2 2
+2 2
+39 2
cfn=(324) malloc_consolidate
calls=1 4142 
* 651
3817 14
-2 1
+2 1
-2 1
+2 2
5000 1
3815 1
+2 1
5002 1
3817 1
5002 1
3817 3
5002 2
3817 4
5000 2
3467 5
3831 9
3601 2
+73 2
+1 2
+1 2
+1 2
+1 2
+5 2
+4 3
+3 4
-3 3
+3 4
-3 2
3790 1
+3 1
-2 2
+2 2
+17 2
1877 4
3825 3
cfn=(326) sysmalloc
calls=1 2266 
* 249
+1 2

fn=(358) _int_free
3839 9
+13 1
-13 1
+13 2
+6 4
+1 2
+11 4
+13 2
4103 8
3958 2
+1 3
+15 2
+8 3
+6 2
+1 2
+1 2
1884 3
3999 2
+7 2
+65 2
+1 2
+3 3
3960 5
+8 1
-4 1
+4 3
-7 2
4091 3
+1 3
+1 5
-41 1
+1 3
+1 2
-80 5
4077 5
+2 4
cfn=(360) systrim.isra.2
calls=1 2757 
* 28
* 1

fn=(360)
2757 7
+11 3
+2 1
+1 2
-4 1
+8 3
+2 2
-5 1
+49 8

fn=(324)
4142 2
4994 4
1806 3
-3 2
+3 378
-3 252
+7 3
+5 1
+2 1
-2 2
-1 3

fn=(356) free
2932 5
+5 2
+1 2
+6 2
+5 1
-2 1
+2 2
+16 3
+1 2
cfn=(358)
calls=1 3839 
* 135
+1 6

fn=(326)
2266 8
+20 1
+11 1
-11 1
+11 1
+1 5
fi=(76) /build/glibc-t3gR2i/glibc-2.23/malloc/arena.c
488 3
fe=(74)
2313 5
+65 1
+1 3
+10 1
-9 1
+9 5
+6 4
+3 3
2721 2
+1 1
+8 4
+5 1
-3 1
+3 1
-2 1
+2 3
+1 1
-1 1
-1 1
+4 1
-3 2
+1 1
+8 9
2461 1
-8 4
+8 1
+21 5
cfi=(79) /build/glibc-t3gR2i/glibc-2.23/malloc/morecore.c
cfn=(328) __default_morecore
calls=1 46 
* 62
* 1
+1 1
+3 4
+3 2
+1 2
+20 2
+26 2
+2 2
+6 1
-6 1
+6 1
2319 1
2462 1
+10 5
+8 1
-8 1
+8 1
+67 7
+37 2
+6 3
+19 1
+3 2
+1 5
+2 1
-2 1
+2 1
+1 3
cfi=(79)
cfn=(328)
calls=1 46 
* 25
+12 2
+8 1
+1 1
-1 2
+1 2
+39 1
+1 1
-2 1
+1 3
+12 1
-12 1
+1 1
+11 1
2537 5

fl=(49) /build/glibc-t3gR2i/glibc-2.23/string/../sysdeps/x86_64/multiarch/strcspn.S
fn=(188) strpbrk
45 1
+1 1
+1 1
+1 1
+1 1
+1 1

fn=(184) strcspn
45 1
+1 1
+1 1
+1 1
+1 1
+1 1

fl=(52) ???
fn=(196) memcpy@GLIBC_2.2.5
0 11

fl=(75)
fn=(306)
29 4
fi=(76)
260 1
fe=(75)
30 1
fi=(76)
260 1
fe=(75)
30 1
fi=(76)
260 1
fi=(74)
2909 7
+2 3
cfn=(322)
calls=1 3347 
* 1035
+3 1
-3 1
+3 1
+8 4
+2 11
fe=(75)
33 4
fi=(74)
2909 6
+12 1
cfi=(76)
cfn=(310) ptmalloc_init.part.5
calls=1 258 
* 58416
* 1
-15 2
fe=(75)

fl=(46) /build/glibc-t3gR2i/glibc-2.23/time/../sysdeps/unix/sysv/linux/x86/time.c
fn=(178) time
38 1
-1 1
+1 6
fi=(47) /build/glibc-t3gR2i/glibc-2.23/time/../sysdeps/generic/dl-hash.h
+10 3
+14 4
-17 3
+3 9
+14 12
-17 9
fe=(46)
-7 3
+3 2
-3 1
+3 1
cfi=(48) /build/glibc-t3gR2i/glibc-2.23/elf/../sysdeps/unix/sysv/linux/dl-vdso.c
cfn=(182) _dl_vdso_vsym
calls=1 -14 
* 6
+1 3
+1 2

fl=(82) /build/glibc-t3gR2i/glibc-2.23/libio/genops.c
fn=(382) _IO_doallocbuf
395 2
-1 3
+3 7
+4 4
-13 1
-5 1
+1 1
+4 2
+12 3

fn=(340) _IO_link_in
98 3
-1 2
+3 2
-3 1
+5 1
-2 1
+2 5
+1 10
+2 1
-2 1
+1 1
+1 1
-2 1
+2 1
-2 1
+2 13
+2 1
-2 1
+4 1
+2 1
-3 1
-1 1
+4 7
+2 1
-1 1
+1 8
+1 2
+3 4
-6 7

fn=(438) _IO_cleanup
948 2
+3 1
-3 2
-50 1
+50 1
+3 1
cfn=(440) _IO_flush_all_lockp
calls=1 760 
* 90
-63 1
+63 1
-63 2
+40 3
-40 9
+2 6
+2 6
+71 7

fn=(336) _IO_old_init
586 1
-16 1
+1 1
+15 1
+5 1
-21 1
+2 1
+1 1
+1 1
+17 1
-16 1
+1 1
+1 1
+1 1
+1 1
+1 1
+2 1
+1 1
+1 1
+1 1
+6 1
+1 4

fn=(334) _IO_no_init
599 9
+1 1
cfn=(336)
calls=1 -14 
* 25
+3 1
-2 1
+2 1
+2 1
+1 1
+1 1
+1 1
+1 1
+1 1
+1 1
+1 1
+1 1
+1 1
+1 1
+1 1
+2 1
+7 1
+1 6

fn=(440)
760 8
+6 3
+11 2
+16 2
-17 2
-1 2
+1 3
-1 1
+1 1
+3 9
+10 6
+4 3
-2 3
+2 6
+7 3
-27 6
+31 2
+2 2
+4 9
-38 1
-6 1
+5 1
+2 2
+6 12

fn=(376) _IO_default_xsputn
425 12
-3 60
+8 24
+2 18
+3 12
+10 18
+5 18
-1 12
+1 123
-1 82
+2 18
+2 6
+2 12
+4 6
+1 6
-1 6
+1 30

fn=(352) _IO_un_link
60 2
-1 4
+5 6
+1 10
+2 1
-2 1
+1 1
+1 1
-2 1
+2 1
-2 1
+2 13
+2 1
-2 3
+2 2
+2 2
+13 1
+2 1
-2 1
+2 8
+2 1
-1 1
+1 8
+1 2
+3 4
-6 7
-13 1
+1 1
-1 2

fl=(88) /build/glibc-t3gR2i/glibc-2.23/string/../sysdeps/x86_64/strchr.S
fn=(374) strchrnul
24 4
+1 4
+1 4
+1 4
+1 4
+1 4
+1 4
+1 4
+1 4
+1 4
+1 4
+1 4
+1 4
+1 4
+1 4
+1 4
+1 4
+1 3
+2 3
+7 3
+4 1
+1 1
+1 1
+1 1
+1 1
+1 1
+1 1
+1 1
+1 1
+1 1
+1 1
+1 1
+1 1
+1 1
+1 1
+1 1
+1 1
+1 1
+1 1
+1 1
+1 1
+1 1
+1 1
+1 1
+52 1
+2 1
+7 1

fl=(69) /build/glibc-t3gR2i/glibc-2.23/setjmp/../sysdeps/x86_64/bsd-_setjmp.S
fn=(284) _setjmp
30 1
+2 1
cfi=(70) /build/glibc-t3gR2i/glibc-2.23/setjmp/../sysdeps/x86_64/setjmp.S
cfn=(286) __sigsetjmp
calls=1 -6 
* 28

fl=(51) /build/glibc-t3gR2i/glibc-2.23/time/../sysdeps/unix/sysv/linux/x86/gettimeofday.c
fn=(192) gettimeofday
37 1
-1 1
+1 6
fi=(47)
+11 3
+14 4
-17 3
+3 9
+14 12
-17 9
fe=(51)
-8 3
+3 2
-3 1
+3 1
cfi=(48)
cfn=(182)
calls=1 -13 
* 6
+1 3
+1 2

fl=(48)
fn=(182)
27 8
+4 8
-3 8

fl=(70)
fn=(286)
26 1
+9 1
+1 2
+1 1
+4 1
+1 1
+1 1
+1 1
+1 1
+2 2
+2 1
+1 1
+1 1
+2 2
+2 1
+9 1
cfi=(71) /build/glibc-t3gR2i/glibc-2.23/setjmp/sigjmp.c
cfn=(288) __sigjmp_save
calls=1 -36 
* 9

fl=(61) /build/glibc-t3gR2i/glibc-2.23/string/../sysdeps/x86_64/cacheinfo.c
fn=(240) handle_intel
262 4
-1 4
+17 2
-17 12
+14 2
+1 4
-3 6
+23 8
cfn=(242) intel_check_word
calls=2 133 
* 666
+1 4
+3 10
cfn=(242)
calls=2 133 
* 238
+1 4
-17 4
+5 2
-5 6
+5 2
+2 2
+1 2
-1 4
+27 16

fn=(242)
133 8
+6 4
-7 20
+7 16
-7 4
+7 4
+2 4
-2 4
+2 4
+68 8
+3 24
-69 4
+2 8
-2 6
+2 12
+8 20
+51 16
+22 8
fi=(62) /build/glibc-t3gR2i/glibc-2.23/string/../bits/stdlib-bsearch.h
27 8
+1 16
+3 16
+1 8
fe=(61)
+89 16
fi=(62)
-90 12
+1 6
fe=(61)
+89 12
+3 54
fi=(62)
-95 44
+2 44
-2 44
+2 80
+1 40
fe=(61)
+89 80
251 8
141 16
-6 2
256 24
fi=(62)
37 10
-8 24
fe=(61)
165 6
+3 6
+4 4
+2 4
+1 14
+2 7
-12 2
+12 2
+1 10
+1 10
+1 6
+17 3
-32 9
+3 9
+4 6
+2 6
+1 12
+2 12
+5 2
+2 4
+2 32

fn=(238) init_cacheinfo
482 2
+12 1
-12 3
+12 3
+2 4
cfn=(240)
calls=1 262 
* 455
+4 2
-4 1
+4 1
cfn=(240)
calls=1 262 
* 547
+2 1
-2 1
-1 1
+3 1
+9 2
+2 1
+1 1
+2 1
+5 2
+9 4
-9 4
+9 16
-9 12
+6 8
+69 4
+1 5
+55 2
+2 1
+1 1
+2 1
-3 1
+5 1
-5 1
+4 3
+4 2
+2 1
+1 1
+2 1
-3 1
+5 1
-5 1
+4 2
+3 1
-3 1
+3 5
532 1
+32 1
-26 6
+7 5
+2 1
+1 1
+1 2
-4 4
+2 1
+1 1
+1 6
+2 2
-6 2
+6 2
+5 1
+2 2
+1 1
-1 1
+1 3
+6 1
-1 1
+1 5

fl=(50) /build/glibc-t3gR2i/glibc-2.23/string/../sysdeps/x86_64/multiarch/strspn.S
fn=(190) strspn
30 1
+1 1
+1 1
+1 1
+1 1
+1 1

fl=(71)
fn=(288)
28 1
+1 1
-1 2
+1 2
+5 3

fl=(68) /build/glibc-t3gR2i/glibc-2.23/stdlib/cxa_atexit.c
fn=(266) __cxa_atexit
57 5
-22 1
+22 1
-22 1
cfn=(268) __new_exitfn
calls=1 +38 
* 38
+2 2
+4 1
+3 1
+1 1
-4 2
+2 1
+4 1
+1 1
+11 4

fn=(268)
73 2
+6 1
-6 1
+6 1
-6 1
+6 4
+2 6
+2 3
-2 1
+10 2
-10 2
+45 1
+1 1
+3 4
+3 5
-21 1
+1 2

fl=(83) /build/glibc-t3gR2i/glibc-2.23/libio/fileops.c
fn=(378) _IO_file_xsputn@@GLIBC_2.2.5
1287 2
-1 4
-6 20
+13 8
+17 8
+44 4
+1 16
-24 10
cfn=(380) _IO_file_overflow@@GLIBC_2.2.5
calls=2 808 
* 104
* 4
+6 4
+1 6
+2 6
+11 4
503 4
+15 10
cfn=(386) _IO_file_write@@GLIBC_2.2.5
calls=2 1258 
* 88
* 2
+1 10
+6 2
-4 2
+4 2
-4 6
+1 4
+3 2
1343 2
+1 2
523 2
1344 2
510 8
+14 4

fn=(380)
808 6
+7 2
-8 10
+8 6
+35 4
-32 2
+12 2
+9 4
+8 1
-4 1
+3 2
-2 2
-3 1
+1 2
+5 1
-1 1
+1 3
+1 2
+3 4
+12 6
-12 2
cfn=(384) _IO_do_write@@GLIBC_2.2.5
calls=2 494 
* 8
-31 2
cfi=(82)
cfn=(382)
calls=1 395 
* 24
+1 6

fn=(342) _IO_file_fopen@@GLIBC_2.2.5
249 7
+11 2
+2 3
363 1
+62 8
287 12
+41 6
cfn=(344) _IO_file_open
calls=1 214 
* 34
+3 1
-3 1
+3 1
-65 1
-1 1
-15 2

fn=(384)
494 6
+1 2

fn=(338) _IO_file_init@@GLIBC_2.2.5
144 2
+4 1
-4 2
+5 1
-1 1
+3 1
cfi=(82)
cfn=(340)
calls=1 -53 
* 81
+1 1
+1 4

fn=(344)
214 6
+3 2
+8 2
+18 4
-5 2
-17 4
cfi=(84) /build/glibc-t3gR2i/glibc-2.23/io/../sysdeps/unix/syscall-template.S
cfn=(346) open
calls=1 84 
* 11
* 3

fn=(386)
1258 2
-2 12
+2 8
+4 4
+1 4
+10 6
+3 12
-13 8
cfi=(84)
cfn=(388) write
calls=2 84 
* 14
+1 4
+5 2
+1 2
-12 10

fl=(90) /build/glibc-t3gR2i/glibc-2.23/stdlib/exit.c
fn=(396) exit
104 1
-1 1
+1 2
cfn=(398) __run_exit_handlers
calls=1 -69 
* 778

fn=(398)
35 8
+5 1
cfi=(91) /build/glibc-t3gR2i/glibc-2.23/stdlib/cxa_thread_atexit_impl.c
cfn=(400) __call_tls_dtors
calls=1 145 
* 11
* 1
+6 8
+4 6
+3 1
-1 1
+2 5
+33 1
+1 1
-1 1
+1 1
+6 2
+1 5
cfi=(82)
cfn=(438)
calls=1 948 
* 133
* 3
+2 2
cfi=(95) /build/glibc-t3gR2i/glibc-2.23/posix/../sysdeps/unix/sysv/linux/_exit.c
cfn=(442) _Exit
calls=1 -70 
* 5
-19 1
+4 1
-4 1
+2 1
+2 1
-2 2
+2 1
cob=(1) /lib/x86_64-linux-gnu/ld-2.23.so
cfi=(92) /build/glibc-t3gR2i/glibc-2.23/elf/dl-fini.c
cfn=(402) _dl_fini
calls=1 +48 
* 573
+1 1

fl=(91)
fn=(400)
145 3
+1 4
+18 4

fl=(76)
fn=(310)
258 6
+13 1
-8 1
+8 1
+6 3
+2 5
+16 2
-56 107
-18 324
+2 214
+1 30
+1 4
340 2
+6 2
+1 2
+2 1
+1 7
-78 5
cfi=(77) /build/glibc-t3gR2i/glibc-2.23/elf/dl-addr.c
cfn=(312) _dl_addr
calls=1 126 
* 57693
* 2
+1 4

fl=(80) /build/glibc-t3gR2i/glibc-2.23/misc/sbrk.c
fn=(330) sbrk
34 2
+8 2
-8 6
+8 9
+4 4
+4 6
+12 5
-19 2
cfi=(81) /build/glibc-t3gR2i/glibc-2.23/misc/../sysdeps/unix/sysv/linux/x86_64/brk.c
cfn=(332) brk
calls=1 -12 
* 12
* 4
+15 2
cfi=(81)
cfn=(332)
calls=1 -27 
* 12
* 2
+4 5

fl=(60) /build/glibc-t3gR2i/glibc-2.23/ctype/ctype-info.c
fn=(236) __ctype_init
31 5
+2 1
+2 1
-4 1
+4 1
-4 1
+2 3
+2 3

fl=(81)
fn=(332)
31 16
+8 2
-6 4
+7 2

fl=(73) /build/glibc-t3gR2i/glibc-2.23/libio/iofopen.c
fn=(300) __fopen_internal
61 6
+8 1
-8 2
+8 1
cob=(2) ???
cfi=(16) ???
cfn=(302) 0x0000000004c498a0
calls=1 -69 
* 59515
+2 3
+3 1
+3 4
-3 1
+3 2
cfi=(82)
cfn=(334)
calls=1 599 
* 58
+4 1
+1 1
-1 1
+1 1
cfi=(83)
cfn=(338)
calls=1 +62 
* 94
+4 5
cfi=(83)
cfn=(342)
calls=1 249 
* 80
* 1
+1 1
-1 1
+3 1
cfi=(82)
cfn=(352)
calls=1 -29 
* 88
+1 2
cob=(2)
cfi=(16)
cfn=(354) 0x0000000004c498a8
calls=1 -90 
* 162
+2 7

fn=(298) fopen@@GLIBC_2.2.5
97 2
cfn=(300)
calls=1 -36 
* 60040

fl=(67) /build/glibc-t3gR2i/glibc-2.23/csu/../csu/libc-start.c
fn=(264) (below main)
134 7
+4 1
-4 3
+4 3
+82 1
-82 1
+82 1
+1 4
cfi=(68)
cfn=(266)
calls=1 57 
* 60
+22 4
+3 2
+1 5
cob=(5) /home/jenniffer/ParallelComputingImgProc/blur_serial
cfi=(64) ???
cfn=(270) __libc_csu_init
calls=1 0 
* 56
+4 4
+15 2
+12 2
cfi=(69)
cfn=(284)
calls=1 30 
* 30
+1 2
+5 2
+1 2
+3 2
+3 6
cob=(5)
cfi=(72) /home/jenniffer/ParallelComputingImgProc/main.c
cfn=(290) main
calls=1 -6 
* 63626
+34 2
cfi=(90)
cfn=(396)
calls=1 104 
* 782
138 2

fl=(95)
fn=(442)
27 2
+4 1
+2 2

fl=(55) /build/glibc-t3gR2i/glibc-2.23/csu/../csu/init-first.c
fn=(226) _init
52 8
+6 3
+14 1
fi=(57) /build/glibc-t3gR2i/glibc-2.23/csu/../sysdeps/unix/sysv/linux/x86_64/init-first.c
-36 1
fe=(55)
+34 1
+1 1
fi=(57)
-35 3
fe=(55)
+36 1
fi=(57)
-36 3
fi=(56) /build/glibc-t3gR2i/glibc-2.23/csu/../sysdeps/generic/dl-hash.h
+12 3
+14 4
-17 3
+3 9
+14 12
-17 9
fi=(57)
-9 3
+2 2
-2 1
+2 2
cfi=(48)
cfn=(182)
calls=1 -11 
* 6
+1 2
+5 2
-3 2
+1 1
+2 1
cfi=(48)
cfn=(182)
calls=1 -17 
* 6
fe=(55)
+42 3
fi=(57)
-41 2
+1 1
fe=(55)
+40 1
cfi=(58) /build/glibc-t3gR2i/glibc-2.23/misc/init-misc.c
cfn=(232) __init_misc
calls=1 -55 
* 48
+8 1
cfi=(60)
cfn=(236)
calls=1 -63 
* 16
+5 6
-34 1
-7 1
+7 4
fi=(57)
-25 2
fe=(55)

fl=(45) /build/glibc-t3gR2i/glibc-2.23/string/../sysdeps/x86_64/multiarch/strcmp.S
fn=(176) strcasecmp
109 1
+1 1
+1 1
+1 1
+10 1

fn=(186) strncasecmp
129 1
+1 1
+1 1
+1 1
+10 1

fl=(93) /build/glibc-t3gR2i/glibc-2.23/stdlib/cxa_finalize.c
fn=(424) __cxa_finalize
31 4
+17 1
-17 4
+4 4
+4 6
-4 3
+32 4
+4 6
-4 3
+12 2
+3 1
-2 1
+2 6
-2 1
cfi=(94) /build/glibc-t3gR2i/glibc-2.23/nptl/unregister-atfork.c
cfn=(426) __unregister_atfork
calls=1 -52 
* 10

fl=(86) /build/glibc-t3gR2i/glibc-2.23/debug/fprintf_chk.c
fn=(368) __fprintf_chk
26 22
+4 30
+1 4
+1 2
+2 2
+1 6
-1 10
+1 2
cfi=(87) /build/glibc-t3gR2i/glibc-2.23/stdio-common/vfprintf.c
cfn=(370) vfprintf
calls=2 1236 
* 1582
+3 2
-3 2
+4 2
-1 2
+1 2
fi=(89) /build/glibc-t3gR2i/glibc-2.23/debug/../libio/libioP.h
875 2
+1 2
-1 2
+1 2
+1 16
fe=(86)
43 10

fl=(77)
fn=(312)
126 9
+5 1
-5 2
+5 2
cob=(1)
cfi=(2) /build/glibc-t3gR2i/glibc-2.23/elf/rtld.c
cfn=(50) rtld_lock_default_lock_recursive
calls=1 688 
* 2
+2 2
cob=(1)
cfi=(65) /build/glibc-t3gR2i/glibc-2.23/elf/../sysdeps/x86_64/dl-trampoline.h
cfn=(259) _dl_runtime_resolve_avx'2
calls=1 -69 
* 1214
* 5
+2 2
30 1
+1 1
-1 1
+1 1
+3 2
+5 1
+6 1
-7 1
+2 2
+2 1
-2 1
+2 1
+3 1
+5 8
+2 1
+1 2
-1 1010
+1 2020
+2 3628
+9 2010
+7 24
-2 24
+2 2259
-2 2211
+2 5750
-10 11175
+2 8940
+1 14318
+7 1011
-21 2022
+49 3
+1 1
+1 3
+3 2
+37 2
cob=(1)
cfi=(2)
cfn=(52) rtld_lock_default_unlock_recursive
calls=1 694 
* 2
+3 9
-28 1
+1 1
+21 2

fl=(79)
fn=(328)
46 2
+1 2
cfi=(80)
cfn=(330)
calls=2 -13 
* 73
+1 6
+4 4

fl=(94)
fn=(426)
28 4
+8 1
+3 2
+82 3

fl=(63) /build/glibc-t3gR2i/glibc-2.23/elf/dl-altinit.c
fn=(246) dlinit_alt
33 3
+1 1

fl=(58)
fn=(232)
31 2
-1 3
+1 4
+2 3
cfi=(59)
cfn=(234)
calls=1 -9 
* 24
+4 5
+1 3
+2 4

fl=(87)
fn=(372) buffered_vfprintf
2287 10
+8 6
+10 2
-6 4
+7 2
+2 2
-3 6
+8 2
-8 2
+10 2
+5 2
-5 2
+1 4
+4 2
cfn=(371) vfprintf'2
calls=2 1236 
* 1025
+6 2
-6 2
+6 10
+1 16
+12 10
+2 8
cfi=(83)
cfn=(378)
calls=2 1287 
* 352
+1 6
+5 10
+1 4
+2 2
+1 12
-56 6

fn=(370)
1236 16
+31 6
+8 7
+4 10
+11 10
-15 2
+18 2
cfn=(372)
calls=2 2287 
* 1513
1689 16

fn=(371)
1236 16
+31 6
+8 6
+4 10
+11 10
+11 2
fi=(96) /build/glibc-t3gR2i/glibc-2.23/stdio-common/printf-parse.h
108 6
fe=(87)
1316 2
-15 10
fi=(96)
108 2
cfi=(88)
cfn=(374)
calls=2 -84 
* 64
fe=(87)
1316 2
fi=(96)
108 2
fe=(87)
1312 2
+4 4
+4 16
cfi=(82)
cfn=(376)
calls=2 425 
* 221
* 8
1685 4
+1 4
+2 2
+1 16
1275 4
+45 4
+4 2
-4 2
+4 4
+4 24
1552 4
-21 4
1632 4
-1 4
1370 30
-7 2
-1 2
-3 2
-1 2
+8 2
+4 2
-3 2
-10 2
-1 2
-1 2
-1 2
-1 2
+14 2
-15 2
-1 2
-1 2
-1 2
+18 4
1649 2
+2 4
+8 2
fi=(96)
108 4
fe=(87)
1659 2
fi=(96)
108 2
fe=(87)
1659 2
fi=(96)
108 4
cfi=(88)
cfn=(374)
calls=2 -84 
* 40
fe=(87)
1663 2
-4 2
+4 22
cfi=(82)
cfn=(376)
calls=2 425 
* 86
* 26
+2 6
-33 24
cfi=(82)
cfn=(376)
calls=2 425 
* 156
* 100

fl=(84)
fn=(388)
84 4
cfn=(390) __write_nocancel
calls=2 * 
* 10

fn=(348) __open_nocancel
84 4
+2 5

fn=(390)
84 10

fn=(346)
84 2
cfn=(348)
calls=1 * 
* 9

ob=(2)
fl=(16)
fn=(414) 0x0000000000401724
0 3

fn=(214) 0x0000000004a28530
0 6

fn=(272) 0x0000000000400818
0 6

fn=(422) 0x0000000004a28570
0 1
cob=(3)
cfi=(93)
cfn=(424)
calls=1 31 
0 56

fn=(436) 0x0000000004a287b8
0 3

fn=(354)
0 1
cob=(3)
cfi=(74)
cfn=(356)
calls=1 2932 
0 161

fn=(84) 0x0000000004000ab0
0 19
cob=(1)
cfi=(17) /build/glibc-t3gR2i/glibc-2.23/elf/dl-minimal.c
cfn=(86) free
calls=19 120 
0 150

fn=(302)
0 1
cob=(3)
cfi=(74)
cfn=(304)
calls=1 2900 
0 59514

ob=(1)
fl=(27) /build/glibc-t3gR2i/glibc-2.23/string/../sysdeps/x86_64/multiarch/../memset.S
fn=(74) memset
53 14
+1 14
+1 14
+1 14
+1 14
+2 14
+1 14
+1 11
+1 11
+15 3
+1 3
+1 3
+1 3
+1 3
+1 3
+1 3
+1 3
+1 3
+1 3
+1 3
+1 3
+1 3
+1 6
+3 3
+1 3
+1 3
+1 3
+1 3
+1 3
+1 3
-6 34
+1 34
+1 34
+1 34
+1 34
+1 34
+1 34
+1 3
+3 11
+1 11
+1 11
+1 4
+1 4
+1 2
+1 2
+3 2
+1 2
+1 2
+1 2
+2 2
+1 2
+1 2
+2 7
+1 7
+1 7

fl=(31) /build/glibc-t3gR2i/glibc-2.23/elf/dl-tls.c
fn=(90) _dl_count_modids
115 2
+1 2

fn=(146) _dl_next_tls_modid
49 1
+3 4
+48 1
+4 2

fn=(162) _dl_allocate_tls_storage
354 3
+2 1
+11 3
cfi=(17)
cfn=(44) __libc_memalign
calls=1 52 
* 76
* 1
+1 2
+7 2
+4 1
-57 1
+57 296
-58 2
+1 2
cfi=(17)
cfn=(36) calloc
calls=1 103 
* 38
* 1
+1 2
+3 1
+6 2
+64 5

fn=(200) _dl_allocate_tls_init
450 2
-1 7
+5 1
+6 3
-6 1
+6 1
-4 1
+16 1
-15 3
+20 6
+6 16
+3 1
+1 2
+6 3
+3 1
-2 2
+2 4
+1 1
+3 1
-1 3
+4 2
+1 4
+2 2
+9 6
cfi=(25) /build/glibc-t3gR2i/glibc-2.23/string/../sysdeps/x86_64/memcpy.S
cfn=(70) mempcpy
calls=1 61 
* 23
* 4
cfi=(27)
cfn=(74)
calls=1 53 
* 30
* 2
-38 3
+52 2
+2 1
+1 8

fn=(198) _dl_add_to_slotinfo
890 3
+9 1
-9 1
+6 2
+8 5
+41 1
+1 3
+1 4

fn=(160) _dl_determine_tlsoffset
138 7
+6 3
+3 2
+36 3
+2 10
+3 1
-1 1
+5 2
-5 3
+3 3
+2 5
+16 3
+2 2
-2 2
+2 2
+10 1
-37 2
+25 1
-25 4
+40 4
+1 1
+51 1
+1 8

fl=(66) /build/glibc-t3gR2i/glibc-2.23/elf/../elf/dl-runtime.c
fn=(260) _dl_fixup
66 8
+5 8
-5 4
+3 8
+3 4
-1 8
-3 4
+5 24
+1 4
-1 4
+1 8
+5 8
+4 8
+4 12
+4 4
+1 20
+2 16
+7 8
-1 4
+1 4
+10 36
cfi=(6) /build/glibc-t3gR2i/glibc-2.23/elf/dl-lookup.c
cfn=(170) _dl_lookup_symbol_x
calls=4 806 
* 3497
* 4
+4 20
+10 24
+16 4
-8 4
+8 12
+4 12
fi=(5) /build/glibc-t3gR2i/glibc-2.23/elf/../sysdeps/x86_64/dl-machine.h
+90 4
fe=(66)
-86 12

fl=(65)
fn=(258) _dl_runtime_resolve_avx
64 1
+3 1
+2 1
+2 1
+3 1
+1 1
+1 1
+1 1
+1 1
+1 1
+1 1
+1 1
+1 1
+1 1
+1 1
+1 1
+1 1
+1 1
+1 1
+5 1
+1 1
+1 1
+1 1
+14 1
+1 1
+1 1
cfi=(66)
cfn=(260)
calls=1 -46 
* 953
+1 1
+5 1
+1 1
+1 1
+1 1
+13 1
+1 1
+1 1
+1 1
+1 1
+1 1
+1 1
+1 1
+1 1
+1 1
+1 1
+1 1
+1 1
+1 1
+1 1
+2 1
+2 1
+4 1
+3 1
cob=(3)
cfi=(67)
cfn=(264)
calls=1 -25 
* 64612

fn=(259)
64 3
+3 3
+2 3
+2 3
+3 3
+1 3
+1 3
+1 3
+1 3
+1 3
+1 3
+1 3
+1 3
+1 3
+1 3
+1 3
+1 3
+1 3
+1 3
+5 3
+1 3
+1 3
+1 3
+14 3
+1 3
+1 3
cfi=(66)
cfn=(260)
calls=3 -46 
* 2844
+1 3
+5 3
+1 3
+1 3
+1 3
+13 3
+1 3
+1 3
+1 3
+1 3
+1 3
+1 3
+1 3
+1 3
+1 3
+1 3
+1 3
+1 3
+1 3
+1 3
+2 3
+2 3
+4 3
+3 3
cob=(3)
cfi=(86)
cfn=(368)
calls=1 26 
* 902
cfi=(78) /build/glibc-t3gR2i/glibc-2.23/elf/dl-open.c
cfn=(320) _dl_find_dso_for_object
calls=1 +23 
* 32
cob=(3)
cfi=(73)
cfn=(298)
calls=1 -62 
* 60042

fl=(32) /build/glibc-t3gR2i/glibc-2.23/elf/dl-error.c
fn=(148) _dl_receive_error
205 10
+1 1
cfi=(2)
cfn=(98) _dl_initial_error_catch_tsd
calls=1 648 
* 2
+5 1
-1 1
-4 1
+9 1
+2 1
-3 1
+3 1
cfi=(2)
cfn=(150) version_check_doit
calls=1 513 
* 3190
+2 1
+1 1
+1 8

fn=(96) _dl_catch_error
163 6
+15 3
-3 6
+1 6
-13 6
+14 6
+1 3
+2 3
cfi=(2)
cfn=(98)
calls=3 648 
* 6
+2 3
-1 3
+4 3
-3 6
+3 3
-4 3
+4 3
cfi=(33) /build/glibc-t3gR2i/glibc-2.23/setjmp/../sysdeps/x86_64/setjmp.S
cfn=(100) __sigsetjmp
calls=3 26 
* 60
* 9
+2 9
cfi=(40) /build/glibc-t3gR2i/glibc-2.23/elf/dl-deps.c
cfn=(134) openaux
calls=2 60 
* 18117
cfi=(2)
cfn=(102) map_doit
calls=1 480 
* 2372
+1 6
+2 3
+1 3
-3 3
+1 6
+1 3
+9 3
-8 3
+8 9

fl=(38) /build/glibc-t3gR2i/glibc-2.23/misc/../sysdeps/unix/syscall-template.S
fn=(124) mprotect
84 24
+1 6

fn=(206) munmap
84 4
+1 1

fl=(11) /build/glibc-t3gR2i/glibc-2.23/string/../sysdeps/x86_64/strlen.S
fn=(22) strlen
66 50
+1 50
+1 50
+1 50
+1 50
+1 50
+1 50
+2 50
+2 50
+30 48
+1 48
+1 48
+1 48
+1 48
+1 7
+1 7
+4 41
+1 41
+1 41
+1 41
+1 41
+1 41
+1 41
+1 41
+1 41
+1 41
+1 41
+1 41
+5 288
+4 2
+1 28
+1 14
+14 1
+1 1
+1 2
+49 1
+1 1
+1 1
+1 1
+1 1
+1 1
+1 1
+1 1
-7 27
+1 27
+1 27
+1 27
+1 27
+1 27
+1 27
+1 27
+2 11
+2 11
+1 11
+1 11
+1 11
+1 11
+1 11
+1 11
+1 11
+1 7
+4 17
+2 17
+1 238
+2 17
+1 17
+1 17
+1 17
-6 4
+1 56
+2 4
+1 4
+1 4
+1 4

fl=(29) /build/glibc-t3gR2i/glibc-2.23/string/strdup.c
fn=(82) strdup
40 84
+1 21
cfi=(11)
cfn=(22)
calls=21 +25 
* 974
* 21
+1 42
cfi=(17)
cfn=(40) malloc
calls=21 +52 
* 609
* 21
+2 42
+4 21
-1 42
+1 42
-1 42
cfi=(18) /build/glibc-t3gR2i/glibc-2.23/string/../sysdeps/x86_64/multiarch/../memcpy.S
cfn=(46) memcpy
calls=21 +14 
* 1381

fl=(92)
fn=(402)
130 8
+17 1
+3 15
+3 2
cfi=(2)
cfn=(50)
calls=1 688 
* 2
+2 1
+3 2
+2 6
+8 1
-3 1
+3 8
+7 8
+2 8
+2 4
+1 4
+5 4
-6 4
-6 4
+8 4
-8 9
+14 9
+1 2
+4 1
31 1
+2 1
192 1
33 1
+6 1
-1 1
+2 1
-2 2
+1 8
+1 1
cfi=(27)
cfn=(74)
calls=1 +13 
* 15
* 1
+77 15
+3 16
cfi=(27)
cfn=(74)
calls=2 -67 
* 37
* 6
-76 9
+1 9
+4 12
+6 6
+1 6
+2 15
+1 7
+2 9
+1 6
201 3
cfi=(2)
cfn=(52)
calls=1 694 
* 2
+5 3
81 4
208 1
+2 3
-2 3
+2 9
+3 8
+3 12
+4 4
+9 2
+3 2
-3 2
+3 4
+2 8
+1 4
cob=(4) /usr/lib/valgrind/vgpreload_core-amd64-linux.so
cfi=(54) ???
cfn=(416) 0x0000000000000610
calls=1 0 
* 78
cob=(5)
cfi=(64)
cfn=(404) 0x0000000000401010
calls=1 0 
* 16
-1 8
+5 4
+1 6
cob=(2)
cfi=(16)
cfn=(436)
calls=1 0 
* 3
cob=(2)
cfi=(16)
cfn=(414)
calls=1 0 
* 3
+6 24
+16 8
-56 11
+11 6
92 9
+21 3
-57 8
268 4
+2 1
-2 2
+6 2
+7 8

fl=(6)
fn=(170)
806 935
568 85
806 340
568 425
+1 85
-1 85
+1 255
-1 255
+1 1094
-1 1094
+1 3282
-1 3452
808 85
+4 85
+4 85
-8 85
+1 170
+7 241
+7 85
-2 85
+2 85
-2 85
+6 85
-7 85
+7 170
-7 510
+15 6
-8 30
+2 1190
cfn=(172) do_lookup_x
calls=85 355 
* 30899
+3 255
+26 170
+22 79
+1 553
+31 79
+9 395
+14 237
+3 316
+5 79
+2 680
-85 42
+16 6
+1 12
+59 2

fn=(172)
355 595
+1 85
-1 425
+48 85
-30 85
-11 85
+41 85
+7 170
-7 170
-30 340
+37 340
-44 170
+3 170
-3 360
+3 360
+4 536
+4 528
+4 528
+6 792
+8 264
-4 264
+1 264
+3 528
+1 792
+3 264
+1 528
+2 528
+8 264
-8 264
+8 2640
-99 185
553 1324
+1 44
cfi=(34) /build/glibc-t3gR2i/glibc-2.23/elf/dl-misc.c
cfn=(106) _dl_name_match_p
calls=22 288 
* 2362
* 66
+3 558
+3 6
+1 680
-92 158
+50 592
+4 30
+12 158
+1 79
+1 158
413 498
+2 166
+2 1079
+13 243
-10 800
+2 158
+1 395
-1 79
+1 553
-1 79
+1 237
cfn=(174) check_match
calls=79 92 
* 6719
+4 237
+34 8
+94 28
439 711

fn=(10) _dl_setup_hash
956 12
+4 4
+4 8
+2 4
-1 4
+3 12
+1 4
+1 4
+3 4
-3 4
+7 4
-4 4
-1 4
+3 4
+2 4
-7 4
+7 4
+1 4

fn=(174)
92 632
+3 553
+12 474
+3 380
cfi=(19) /build/glibc-t3gR2i/glibc-2.23/string/../sysdeps/x86_64/multiarch/../strcmp.S
cfn=(54) strcmp
calls=16 +34 
* 570
* 32
+5 79
-1 79
+1 79
+2 156
+19 156
+1 624
+46 79
-7 79
+7 395
-18 2
+2 1
+1 4
-1 5
-29 234
cfi=(19)
cfn=(54)
calls=78 +6 
* 1872
* 234

fl=(36) /build/glibc-t3gR2i/glibc-2.23/io/../sysdeps/unix/sysv/linux/wordsize-64/fxstat.c
fn=(120) _fxstat
34 3
-1 3
+1 3
+1 18
+4 3

fl=(40)
fn=(134)
60 4
+7 2
-4 22
cfi=(22) /build/glibc-t3gR2i/glibc-2.23/elf/dl-load.c
cfn=(104) _dl_map_object
calls=2 2167 
* 18083
* 2
+5 4

fn=(132) _dl_map_object_deps
161 1
-1 1
+1 1
-1 4
+1 1
-1 2
+1 1
-1 2
+1 1
-1 2
+1 3
-15 1
+15 1
-17 1
+1 1
+1 1
+6 4
+26 1
-26 1
+26 7
-34 1
+2 1
+33 2
-33 1
-2 1
+2 2
-2 1
+1 1
+1 1
+6 3
+26 1
-26 1
+26 5
+4 1
+21 1
+1 1
-22 2
+19 1
-12 1
+15 1
-16 2
+13 1
317 9
217 1
-4 1
-4 1
+8 4
-4 3
-4 3
+8 3
+12 8
+2 2
+11 2
-5 2
-6 4
+5 2
+2 4
+1 4
+3 14
+50 6
+1 3
-51 192
+1 96
+6 10
cfi=(28) /build/glibc-t3gR2i/glibc-2.23/string/../sysdeps/x86_64/multiarch/../strchr.S
cfn=(76) index
calls=2 24 
* 70
* 4
+5 10
-3 2
+3 2
cfi=(32)
cfn=(96)
calls=2 -91 
* 18241
+2 6
+15 2
+2 4
+5 2
+6 2
+2 2
-8 4
+3 2
+1 2
+1 2
+1 2
+4 12
+7 138
459 12
+2 6
+2 6
cfi=(17)
cfn=(40)
calls=2 94 
* 58
* 2
+2 2
-2 2
+2 2
+4 8
-1 2
+1 2
cfi=(18)
cfn=(46)
calls=2 61 
* 41
+1 10
cfi=(18)
cfn=(46)
calls=2 61 
* 41
+4 2
-1 2
+5 22
+7 6
+1 1
+3 5
+10 4
cfi=(17)
cfn=(40)
calls=1 94 
* 29
* 1
+3 1
-3 1
+3 1
+5 6
+1 1
-1 3
+1 2
+8 2
+4 3
-4 1
-6 3
-2 3
+8 6
+4 9
-4 3
-6 9
+13 3
+51 3
+2 3
+42 1
-4 1
+5 2
-1 4
+1 2
cfi=(27)
cfn=(74)
calls=1 53 
* 15
* 1
-2 9
+7 1
-1 1
+1 1
-1 2
+7 1
-7 1
+7 2
-13 2
+7 2
-1 2
+1 2
-1 4
+7 2
-7 2
+7 6
+2 8
+1 4
-1 4
+1 3
+2 9
+1 6
+28 18
cfi=(27)
cfn=(74)
calls=2 53 
* 37
* 10
-6 3
-28 6
+31 10
-6 2
+16 2
+2 1
+1 1
-1 1
+2 3
+7 3
+3 3
+3 8
481 9
-1 4
+1 9
202 2
+27 8
-19 4
+8 25
+2 2
+2 8
+2 30
338 6
611 8
cfi=(18)
cfn=(46)
calls=1 61 
* 28
+2 1
-38 1
+38 1
209 2

fl=(41) /build/glibc-t3gR2i/glibc-2.23/io/../sysdeps/unix/sysv/linux/wordsize-64/xstat.c
fn=(138) _xstat
34 68
-1 68
+1 68
+1 408
+4 17
-4 204

fl=(1) ???
fn=(0) 0x0000000000000cc0
0 2
cfi=(2)
cfn=(2) _dl_start
calls=1 337 
0 138929
0 14
cfi=(53) /build/glibc-t3gR2i/glibc-2.23/elf/dl-init.c
cfn=(210) _dl_init
calls=1 80 
0 1610
0 3
cob=(5)
cfi=(64)
cfn=(250) _start
calls=1 0 
0 65631

fl=(15) /build/glibc-t3gR2i/glibc-2.23/elf/dl-object.c
fn=(32) _dl_new_object
61 42
+1 3
cfi=(11)
cfn=(22)
calls=3 +4 
* 66
+6 3
-6 6
+6 6
+7 12
cfi=(17)
cfn=(36)
calls=3 +28 
* 120
* 3
+3 3
-3 3
+3 3
+4 3
+5 6
-6 3
+6 3
-5 3
+3 6
+2 3
cfi=(18)
cfn=(46)
calls=3 -26 
* 88
+10 3
-10 3
+10 3
-8 3
+9 6
-1 9
+1 9
+3 3
-4 3
+1 3
+3 3
+9 3
-7 3
+4 3
+3 9
+2 2
-2 2
+2 30
-2 30
+12 3
+6 3
-5 3
-1 3
+6 15
+2 2
+3 2
-3 2
+3 2
-3 4
+7 6
+4 4
+2 5
+6 1
+6 1
-3 2
+3 4
-3 4
+3 4
+2 6
cfi=(11)
cfn=(22)
calls=2 -91 
* 68
+4 2
-4 8
+4 6
+64 4
+4 24
68 30
+34 8
+39 8
+70 6
cfi=(25)
cfn=(70)
calls=2 61 
* 71
* 42
+6 40
-1 40
+1 42
-1 2
+1 6
+5 4
-89 2
+32 4
cfi=(17)
cfn=(40)
calls=2 -71 
* 58
* 2
+1 2
-1 2
+1 6
+2 1
-35 2

fn=(48) _dl_add_to_namespace_list
32 15
+2 6
cfi=(2)
cfn=(50)
calls=3 688 
* 6
+2 3
-2 3
+2 19
+3 15
+2 2
+2 2
+4 2
+4 2
-4 4
+1 2
+4 4
-4 2
+1 2
+3 2
-3 2
+2 2
cfi=(2)
cfn=(52)
calls=2 694 
* 4
-4 1
+4 1
-4 2
+1 1
+4 2
-4 1
+1 1
+3 1
-3 1
+2 1
cfi=(2)
cfn=(52)
calls=1 694 
* 2
-5 2

fl=(17)
fn=(36)
103 8
+8 24
-4 8
+4 16
+3 8
cfn=(40)
calls=8 -20 
* 289
* 8

fn=(44)
52 171
+1 227
+11 168
+3 56
-3 56
+3 112
-3 3
+3 1
-3 1
+3 214
+4 16
+1 8
+6 32
cfi=(26) /build/glibc-t3gR2i/glibc-2.23/misc/../sysdeps/unix/sysv/linux/wordsize-64/mmap.c
cfn=(72) mmap
calls=4 -45 
* 132
+2 20
+4 12
+3 4
+1 4
+2 20
-3 53
+1 53
+2 265
-31 2
-1 5

fn=(86)
120 19
+2 57
+7 36
-3 5
cfi=(27)
cfn=(74)
calls=1 -73 
* 30
+1 1
+2 2

fn=(40)
94 56
+1 112
cfn=(44)
calls=56 -43 
* 1559
* 56

fn=(80) strsep
354 44
+2 22
+1 44
+4 2214
+7 6234
-2 4192
+6 36
+7 18
+4 18
-4 2
+4 4
-7 1039
-15 3121

fl=(33)
fn=(100)
26 3
+9 3
+1 6
+1 3
+4 3
+1 3
+1 3
+1 3
+1 3
+2 6
+2 3
+1 3
+1 3
+2 6
+2 3
+4 3
+1 3

fl=(22)
fn=(64) _dl_init_paths
661 1
+13 2
-13 8
+13 3
cfi=(23) /build/glibc-t3gR2i/glibc-2.23/elf/dl-hwcaps.c
cfn=(66) _dl_important_hwcaps
calls=1 39 
* 398
+5 1
-5 1
+5 1
cfi=(17)
cfn=(40)
calls=1 94 
* 29
* 1
+1 1
-2 1
+2 2
+8 1
-1 1
+1 2
-1 1
+1 1
-1 3
+5 1
-5 1
+5 1
cfi=(17)
cfn=(40)
calls=1 94 
* 80
* 1
+2 1
-3 1
+3 1
+17 1
+12 1
-9 2
+6 1
-19 1
+10 1
+12 1
-11 1
+2 1
+1 4
-15 1
+23 4
-3 21
cfi=(27)
cfn=(74)
calls=4 53 
* 60
* 4
+3 27
-14 3
+2 3
+1 3
+2 6
-3 3
+4 9
+4 3
-3 3
+3 3
+1 3
-4 9
+4 3
+10 1
+4 1
-11 1
+6 1
+6 1
-12 1
+12 1
+2 4
+2 3
+38 5
+8 3
cfi=(28)
cfn=(76)
calls=1 24 
* 388
* 2
+2 2
cfi=(11)
cfn=(22)
calls=1 66 
* 194
* 8
cfi=(18)
cfn=(46)
calls=1 61 
* 454
* 1
+4 6
+17 1
-4 4
-13 4036
+17 1009
-4 4037
+8 1
cfi=(17)
cfn=(40)
calls=1 94 
* 29
* 1
+1 1
-2 1
+2 1
+6 9
cfn=(78) fillin_rpath
calls=1 433 
* 26496
+4 5
+6 1
+4 8
-75 1
-2 1
+2 2
+14 2

fn=(108) open_verify.constprop.7
1695 814
+39 74
-39 222
+39 294
+31 296
cfi=(24) /build/glibc-t3gR2i/glibc-2.23/io/../sysdeps/unix/syscall-template.S
cfn=(110) open
calls=74 84 
* 658
+2 74
-2 74
+2 76
+10 2
+1 4
+5 16
cfi=(24)
cfn=(112) read
calls=2 84 
* 10
+2 4
+2 2
+2 2
-2 4
+2 2
+6 4
+16 8
cfi=(14) /build/glibc-t3gR2i/glibc-2.23/string/../sysdeps/x86_64/multiarch/../memcmp.S
cfn=(30) bcmp
calls=2 24 
* 57
* 18
cfi=(14)
cfn=(30)
calls=2 24 
* 72
* 4
+74 4
+5 4
+2 8
+6 4
+11 4
+6 2
+1 2
-1 8
+1 2
-1 2
+1 4
+1 6
+20 106
+2 36
+4 8
+1 6
+12 14
+4 6
+5 1
+1 1
-13 4
cfi=(14)
cfn=(30)
calls=1 24 
* 25
* 8
cfi=(14)
cfn=(30)
calls=2 24 
* 60
* 6
+16 2
+3 7
+3 3
+1 5
-39 2
+67 88
-23 72
+23 504
1804 2
+7 4
cfi=(14)
cfn=(30)
calls=1 24 
* 24
* 2

fn=(136) open_path
2018 8
+1 1
+6 1
-6 1
+6 1
+5 9
+52 1
-59 1
-1 1
+60 1
-52 8
+74 4
-62 1
-9 1
+9 18
-9 17
+9 17
+7 72
cfi=(25)
cfn=(70)
calls=18 61 
* 854
+1 18
-1 18
+1 90
+20 136
-20 274
+3 144
+5 144
-1 72
+1 144
-1 216
cfi=(25)
cfn=(70)
calls=72 61 
* 1530
* 288
cfi=(25)
cfn=(70)
calls=72 61 
* 1656
-1 72
+7 72
-7 72
+7 72
+3 648
cfn=(108)
calls=72 1695 
* 3168
* 72
+2 360
+26 16
+2 8
+39 126
+7 18
-2 18
+2 54
+3 3
+14 1
-27 1
+27 7
-84 136
+1 612
+6 68
+2 68
-2 68
+2 136
-2 68
+2 68
cfi=(41)
cfn=(138)
calls=68 34 
* 833
* 136
+1 17
+2 17
-2 17
+2 119
+7 51
-7 51
+7 153
-30 51
+23 102

fn=(78)
433 8
+2 1
-2 9
+5 1
cfi=(17)
cfn=(80)
calls=1 -84 
* 578
* 4
-66 3
cfi=(28)
cfn=(76)
calls=1 24 
* 47
* 54
cfi=(28)
cfn=(76)
calls=18 24 
* 1239
* 38
+4 38
cfi=(29)
cfn=(82)
calls=19 40 
* 3105
* 19
+68 38
cfi=(11)
cfn=(22)
calls=19 66 
* 860
+4 19
-4 19
+4 19
+15 3
-12 1
+19 741
+1 470
cfi=(14)
cfn=(30)
calls=3 24 
* 231
* 6
+7 2
+1 14
-1 15
+48 36
+2 36
cob=(2)
cfi=(16)
cfn=(84)
calls=18 0 
* 126
* 2
cob=(2)
cfi=(16)
cfn=(84)
calls=1 0 
* 43
* 38
-90 19
cfi=(17)
cfn=(80)
calls=19 -84 
* 15638
* 57
+94 1
+3 9
-46 36
+4 36
-1 72
cfi=(17)
cfn=(40)
calls=18 94 
* 573
* 18
+3 18
-3 18
+3 36
+5 18
+1 36
-2 18
+2 18
cfi=(25)
cfn=(70)
calls=18 61 
* 854
+3 18
-3 18
+1 18
+2 18
+1 6
+5 12
+1 6
-1 12
+1 12
-1 24
+1 12
-1 24
+1 222
+1 198
-1 36
+3 36
+1 54
+7 18
+1 18
-1 36
-67 108
+8 18
-3 54
+3 36
+26 36
-34 36
+65 36
-9 36

fn=(104)
2167 21
+8 3
-8 6
+8 3
+1 12
+3 42
+5 49
+2 21
cfi=(34)
cfn=(106)
calls=7 288 
* 1016
* 14
+4 12
+1 18
+3 2
+2 8
cfi=(19)
cfn=(54)
calls=2 144 
* 68
* 4
2478 24
2213 10
+9 2
-53 2
+53 4
+36 4
-2 2
+2 2
cfi=(28)
cfn=(76)
calls=2 24 
* 46
* 4
2409 2
372 3
cfi=(28)
cfn=(76)
calls=1 24 
* 47
* 2
+4 2
cfi=(29)
cfn=(82)
calls=1 40 
* 128
2410 1
-3 1
+3 2
+4 9
cfn=(108)
calls=1 1695 
* 299
+3 1
-3 1
+3 3
+12 3
+46 1
+1 3
-1 1
+1 9
cfn=(114) _dl_map_object_from_fd
calls=1 871 
* 1444
-1 1
+1 3
-1 1
+1 9
cfn=(114)
calls=1 871 
* 1738
* 6
2262 2
cfi=(11)
cfn=(22)
calls=1 66 
* 16
* 1
+2 1
-2 1
+2 1
+7 4
+35 2
+1 14
cfn=(136)
calls=1 2018 
* 13306
+6 2
-6 1
+6 3
638 1
2314 1
638 2
2401 2
+28 3
+2 4
2275 1
+5 1
-5 1
+5 1
+3 2
-3 1
+3 7
-3 3
638 1
2281 1
638 2
2336 1
-14 1
+14 1
+2 3
+4 2
cfi=(42) /build/glibc-t3gR2i/glibc-2.23/elf/dl-cache.c
cfn=(140) _dl_load_cache_lookup
calls=1 185 
* 1516
+2 1
-2 1
+2 1
+4 2
+8 3
+23 10
cfn=(108)
calls=1 1695 
* 370
+4 1
-4 1
+4 3
+1 2
-89 3
+1 8
638 1
2297 1
638 2

fn=(114)
871 22
+10 2
-10 2
+10 2
-10 6
+10 2
cfi=(30) /build/glibc-t3gR2i/glibc-2.23/elf/dl-debug.c
cfn=(88) _dl_debug_initialize
calls=2 50 
* 16
fi=(35) /build/glibc-t3gR2i/glibc-2.23/elf/../sysdeps/posix/dl-fileid.h
37 6
fe=(22)
881 2
fi=(35)
37 2
cfi=(36)
cfn=(120)
calls=2 -3 
* 20
* 4
+4 2
fe=(22)
897 2
fi=(35)
40 2
+1 2
fe=(22)
897 29
+1 10
fi=(35)
49 12
fe=(22)
1443 16
915 4
+24 4
+10 4
+22 8
+32 4
882 2
1006 14
cfi=(15)
cfn=(32)
calls=2 61 
* 831
+1 2
-1 2
+1 2
+11 4
+1 2
-1 2
+2 2
-1 2
+4 2
-1 4
-2 2
+2 4
+1 6
+1 2
+19 2
-2 2
+10 2
-8 12
+8 2
-8 6
+8 2
+87 2
+8 2
-8 8
+8 2
-8 6
-86 32
-1 136
+1 95
+6 4
+1 6
+1 2
+9 20
+5 32
+9 12
-1 12
+1 4
+1 8
+2 4
-2 4
+1 4
-1 4
+3 4
+4 4
-7 4
+2 4
+1 4
+4 4
+1 12
+4 6
-14 2
+14 12
+11 2
-11 6
-14 2
+14 12
+11 2
-44 2
+1 1
+46 3
+4 1
+1 1
+1 1
-1 2
+1 1
+3 3
+1 1
+3 1
-3 1
+7 4
+6 1
cfi=(31)
cfn=(146)
calls=1 49 
* 8
* 2
+1 1
+59 4
+1 6
+1 2
-6 4
+1 2
+8 6
1019 2
1207 2
1019 2
1207 2
+10 6
fi=(37) /build/glibc-t3gR2i/glibc-2.23/elf/./dl-map-segments.h
56 4
fe=(22)
1217 6
fi=(37)
56 2
fe=(22)
1217 2
fi=(37)
56 2
fe=(22)
1217 4
fi=(37)
56 12
cfi=(26)
cfn=(72)
calls=2 -23 
* 70
+4 2
-4 2
+4 4
+3 4
+1 2
+2 2
-2 2
-1 2
+3 2
+10 4
fi=(39) /build/glibc-t3gR2i/glibc-2.23/elf/./dl-load.h
+14 8
+1 6
+2 8
fi=(37)
+7 16
+6 2
+2 2
-2 2
+1 2
+2 2
-1 2
+1 2
-1 6
+8 4
+17 4
+12 4
-59 20
+2 4
+2 2
-2 4
+2 20
cfi=(26)
cfn=(72)
calls=2 -57 
* 62
* 6
fe=(22)
1229 8
+9 4
fi=(3) /build/glibc-t3gR2i/glibc-2.23/elf/get-dynamic-info.h
39 2
fe=(22)
1238 2
fi=(3)
39 2
+6 2
-2 2
+2 4
+15 2
+5 2
+3 2
-1 2
-3 2
-3 36
+10 8
-26 24
+16 35
+10 35
-26 105
+26 2
-26 6
+2 90
+13 40
+2 8
+3 8
+13 4
+20 7
+1 8
+1 8
+1 8
+2 8
+5 8
+1 7
+1 8
+6 6
+5 4
+7 4
+1 6
+16 6
+5 1
+2 1
-2 1
+2 1
+2 2
+2 2
+3 6
+10 1
-8 4
+8 1
+5 2
+3 4
fe=(22)
1245 4
+15 6
+19 4
+2 10
+54 6
+1 2
+3 2
cfi=(24)
cfn=(130) close
calls=1 84 
* 5
* 2
cfi=(24)
cfn=(130)
calls=1 84 
* 5
* 4
+9 4
+2 6
+2 2
-2 2
+2 2
+16 4
cfi=(6)
cfn=(10)
calls=2 956 
* 46
+4 4
+1 4
+17 4
+9 2
-5 6
+5 2
+10 4
+10 6
cfi=(15)
cfn=(48)
calls=2 32 
* 82
+4 8
fi=(3)
68 8
+2 10
fe=(22)
1391 2
fi=(37)
119 4
+8 16
cfi=(27)
cfn=(74)
calls=2 -74 
* 283
* 8
-54 8
-1 12
cfi=(38)
cfn=(124)
calls=2 +12 
* 10
* 2
fi=(39)
+22 5
+1 11
+3 4
fi=(37)
+39 9
cfi=(26)
cfn=(72)
calls=1 33 
* 31
+3 3
fe=(22)
1233 2

fl=(25)
fn=(70)
61 187
+4 187
+3 184
+1 184
+2 57
+1 57
+2 57
+1 57
+5 57
+1 57
-1 127
+1 127
+2 118
+1 118
+2 118
+1 118
+5 118
+1 118
-1 66
+1 66
+2 55
+1 55
+2 55
+1 55
+5 55
+1 55
-1 129
+1 129
+2 110
+1 110
+2 110
+1 220
+5 110
+1 110
-1 74
+1 80
+5 6
+1 6
+1 6
+1 6
+2 6
+2 6
+1 6
+2 6
+6 184
+4 184
+12 32
+2 32
+1 32
+26 32
+1 32
+3 32
+1 32
+1 32
+5 32
+2 32
+1 32
+1 32
+1 32
+2 32
+1 32
+1 32
+1 32
+2 32
+1 32
+2 32
+2 18
+2 18
+1 18
+1 18
+1 18
+2 18
+1 18
+1 18
+1 18
+2 18
+1 18
+2 54
+5 18
+2 18
-2 14
+2 14
+2 3
+7 3

fl=(7) /build/glibc-t3gR2i/glibc-2.23/elf/../elf/dl-sysdep.c
fn=(202) _dl_sysdep_start_cleanup
256 1

fn=(12) _dl_sysdep_start
86 8
+25 1
-1 1
+1 330
+6 1
-3 1
+1 1
-4 1
+3 1
+3 4
+1 2
-1 25
+1 105
-1 102
+62 1
+1 1
-1 1
+1 1
-29 1
+1 2
+11 1
+1 1
-1 1
+1 1
-7 1
+1 1
-1 1
+1 1
-4 1
+1 2
-25 1
+1 2
-4 1
+1 2
-7 1
+1 1
+2 1
+1 1
fi=(9) /build/glibc-t3gR2i/glibc-2.23/elf/../sysdeps/unix/sysv/linux/dl-sysdep.c
-90 2
cfi=(10) /build/glibc-t3gR2i/glibc-2.23/elf/../sysdeps/unix/sysv/linux/x86_64/brk.c
cfn=(18) brk
calls=1 -4 
* 11
fi=(5)
223 5
fi=(8) /build/glibc-t3gR2i/glibc-2.23/elf/../sysdeps/x86/cpu-features.c
61 2
+3 1
-3 1
+3 9
175 3
+1 1
+3 2
+1 1
+2 2
+1 7
+7 3
+4 2
+2 4
+51 2
fe=(7)
-16 1
fi=(8)
+27 1
+1 1
+1 1
fe=(7)
-29 1
+1 1
cfi=(11)
cfn=(22)
calls=1 66 
* 32
* 1
+2 2
cfi=(12) /build/glibc-t3gR2i/glibc-2.23/elf/../misc/sbrk.c
cfn=(24) sbrk
calls=1 34 
* 17
* 3
+12 3
+3 5
cfi=(2)
cfn=(26) dl_main
calls=1 738 
* 137471
+1 1
+1 8
fi=(8)
-4 2
+1 2
+4 2
-52 2
+1 1
+6 3
+2 1
+3 3
+16 2
+1 1
+2 2
29 2
+4 1
-4 1
+5 1
-1 1
+2 1
-1 1
+1 1
-2 1
+1 1
+1 1
+1 1
-7 2
+3 1
+4 1
+5 1
+32 2
-32 1
+27 1
+5 1
+3 1
+1 8
+57 2
-66 2
+44 2
248 2
+3 2
fe=(7)

fl=(18)
fn=(46)
61 33
+2 33
+2 33
+3 30
+1 30
+2 11
+1 11
+2 11
+1 11
+5 11
+1 11
-1 19
+1 19
+2 8
+1 8
+2 8
+1 16
+5 8
+1 8
-1 22
+1 22
+2 13
+1 13
+2 13
+1 13
+5 13
+1 13
-1 17
+1 17
+2 13
+1 13
+2 13
+1 13
+5 13
+1 13
-1 17
+1 25
+5 8
+1 8
+1 8
+1 8
+2 8
+2 8
+1 8
+2 8
+8 30
+8 23
+6 23
+2 23
+1 23
+3 15
+1 45
+5 15
+1 15
+2 15
+2 15
+1 15
+2 15
-8 51
+1 51
+2 51
+2 51
+1 51
+2 81
+9 15
+1 15
-1 8
+1 8
+3 23
+1 23
+1 23
+5 37
+2 37
+1 37
+1 37
+1 37
+2 37
+1 37
+1 37
+1 37
+2 37
+1 37
+2 37
+2 24
+2 24
+1 24
+1 24
+1 24
+2 24
+1 24
+1 24
+1 24
+2 24
+1 24
+2 42
+5 9
+6 9
+1 9
-7 14
+6 14
+1 14
+2 3

fl=(14)
fn=(30)
24 16
+1 16
+1 16
+1 16
+1 16
+1 16
+1 16
+1 16
+3 15
+1 15
+1 6
+1 6
+1 6
+1 6
+1 6
+1 6
+1 6
+2 14
+1 14
+1 4
+1 4
+1 4
+1 4
+1 4
+1 4
+1 4
+2 14
+1 14
+1 7
+1 7
+1 7
+1 7
+1 3
+1 3
+1 3
+2 10
+1 10
+1 5
+1 5
+1 5
+1 5
+5 5
+1 5
+1 5
+1 5
+1 5
+1 5
+1 5
+1 3
+1 3
+1 3
+1 3
+1 3
+7 4
+2 5
+4 9
+1 9
+1 1
+1 1
+1 1
+1 1
+1 1
+1 1
+1 1
+1 1
+1 1
+1 1
+1 1
+4 10
+1 10
+13 3
+1 3
+1 3
+2 3
+1 3
+2 1
+1 1
+1 1
+1 1
+1 1
+1 1
+1 1
+1 1
+3 1
+1 1
-1 2
+1 2
+1 1
+1 1
+1 1
+1 1
+1 1
+1 1
+1 1
+1 1
+2 1
+1 1
+1 1
+1 1
+2 1
+1 1
+16 1
+1 1
+1 1
+1 1
+35 1
+1 1
+1 1
+1 1
+3 1
+1 1
+1 1
+1 1
+1 1
+1 1
+2 1
+1 1
+1 1
+1 1
+1 1
+1 1
+2 1
+1 1
+2 2
+1 2
+1 2
+1 2
+4 1
+1 1
+1 1
+1 1
+1 1
+4 2
+1 2
+1 2
+1 2
+1 2
+1 2
+12 2
+1 2
+1 2
+1 2
+17 2
+1 2
+3 2
+1 2
+1 2
+1 2
+1 2
+1 2
+2 2
+1 2
+1 2
+1 2
+1 2
+1 2
+2 2
+1 2
+1 2
+1 2
+1 2
+1 2
+2 2
+1 2
+1 2
+1 2
+1 2
+1 1
+1 1
+1 1
+2 1
+1 1
+1 1
+1 1

fl=(34)
fn=(106)
288 180
+1 72
cfi=(19)
cfn=(54)
calls=36 144 
* 1584
* 36
+1 36
-1 36
+3 36
+2 72
+4 37
-4 74
+1 120
cfi=(19)
cfn=(54)
calls=40 144 
* 1705
* 80
-5 3
+11 48
-1 33
+1 132

fn=(142) _dl_sysdep_read_whole_file
45 2
+7 1
-7 3
+7 1
-7 3
+7 1
cfi=(24)
cfn=(110)
calls=1 +32 
* 5
+1 2
+2 5
cfi=(36)
cfn=(120)
calls=1 -21 
* 10
* 2
+2 1
+3 1
-3 1
+3 1
+13 2
cfi=(24)
cfn=(130)
calls=1 +11 
* 5
+3 7
-14 6
cfi=(26)
cfn=(72)
calls=1 -29 
* 33
* 2

fl=(23)
fn=(66)
39 6
+3 1
-3 2
+3 1
-1 1
+1 1
+9 1
-12 4
+12 2
+10 4
162 2
-47 3
cfi=(24)
cfn=(68) access
calls=1 -31 
* 9
* 2
+55 3
+2 2
+1 5
+4 2
+4 1
-4 1
+1 1
+3 1
+3 1
+1 1
-1 1
+4 3
+1 1
-1 9
+1 1
+18 10
+1 2
-1 1
+1 3
cfi=(17)
cfn=(40)
calls=1 94 
* 29
* 1
+1 1
-1 1
+1 5
+29 1
+3 1
-3 2
+3 1
+23 7
+6 2
-1 2
+1 6
-1 8
+5 6
+3 1
-3 1
+3 1
-3 3
+3 1
-3 1
+3 5
+1 12
+1 4
-1 4
+1 8
-2 4
+1 8
-1 14
+4 4
+4 1
-1 1
+2 1
-2 1
+1 1
+1 1
-2 1
+2 10
+13 2
+1 1
-1 1
+3 2
-3 2
+1 1
-1 1
+3 2
+3 4
+3 1
-1 1
+1 9
113 1
+17 1
+1 1
-1 9
243 6
cfi=(25)
cfn=(70)
calls=1 61 
* 22
* 4
cfi=(25)
cfn=(70)
calls=1 61 
* 18
+1 4
cfi=(25)
cfn=(70)
calls=1 61 
* 22
* 4
cfi=(25)
cfn=(70)
calls=1 61 
* 18
* 12

fl=(24)
fn=(110)
84 300
+1 3
+1 360

fn=(130)
84 12
+1 3

fn=(112)
84 8
+1 2

fn=(68)
84 12
+2 15

fl=(19)
fn=(54)
144 179
+1 179
+2 179
+1 179
+21 179
+1 179
+1 136
+1 136
+1 119
+1 119
+1 119
+1 119
+21 119
+1 119
+1 119
+1 119
+1 119
+1 119
+1 119
+5 5
+1 5
+9 5
+1 5
+1 5
+1 5
+1 5
+1 5
+1 5
+1 5
-7 60
+1 60
+1 60
+1 60
+1 60
+1 60
+1 60
+1 60
+1 64
+1 55
+1 55
+1 55
+2 55
+1 55
+1 55
+1 55
+1 55
+1 55
-5 9
+1 9
+1 9
+1 9
+1 9
+1 9
+10 1
+1 1
+1 1
+2 1
+6 1
+1 1
+1 1
+1 1
+1 1
+5 1
1196 4
+1 4
+1 4
+1 4
+1 4
+2 4
+1 4
+1 4
+1 4
+1 4
+1 4
+1 4
1321 24
+1 24
+1 24
+1 24
+1 24
+2 24
+1 24
+1 24
+1 24
+1 24
+1 24
+1 24
1571 3
+1 3
+1 3
+1 3
+1 3
+2 3
+1 3
+1 3
+1 3
+1 3
+1 3
+1 3
+1 1
+4 1
+1 1
+1 1
+6 1
+1 1
+1 2
+4 1
+1 1
+3 1
+1 1
+1 1
+3 1
+1 1
+1 1
+6 1
+1 1
+1 1
+1 1
+1 1
+1 1
+72 1
+1 1
+1 1
+1 1
+1 1
+2 1
+1 1
+1 1
+1 1
+1 1
+1 1
+1 1
1821 5
+1 5
+1 5
+1 5
+1 5
+2 5
+1 5
+1 5
+1 5
+1 5
+1 5
+1 5
+1 3
+4 3
+1 3
+1 3
+6 3
+1 3
+1 6
+4 3
+1 3
+3 3
+1 3
+1 3
+3 3
+1 3
+1 3
+6 3
+1 3
+1 3
+1 3
+1 3
+1 3
+72 1
+1 1
+1 1
+1 1
+1 1
+2 1
+1 1
+1 1
+1 1
+1 1
+1 1
+1 1
+1 1
+4 1
+1 1
+1 1
+6 1
+1 1
+1 2
+4 1
+1 1
+3 1
+1 1
+1 1
+3 1
+1 1
+1 1
+6 1
+1 1
+1 1
+1 1
+1 1
+1 1
+72 26
+1 26
+1 26
+1 26
+1 26
+2 26
+1 26
+1 26
+1 26
+1 26
+1 26
+1 26
+2 1
+4 1
+1 1
+1 1
+6 1
+1 1
+2 2
+4 1
+1 1
+3 1
+1 1
+1 1
+3 1
+1 1
+1 1
+6 1
+1 1
+1 1
+1 1
+1 1
+1 1
+74 6
+2 6
+1 6
+1 6
+1 6
-3 59
+1 59
+1 59
+1 59
+1 165
+5 55
+6 55
+1 55
+8 55
+1 55
-16 124
+6 124
+1 124
+8 124
+1 124

fl=(78)
fn=(320)
182 5
+1 4
+1 12
+1 2
+3 2
+4 1
-9 6

fl=(30)
fn=(92) _dl_debug_state
74 2

fn=(88)
50 8
+5 6
+5 2
-1 1
+1 2
+1 2
-1 1
+4 1
-13 4
+4 8
+4 1
-1 1
-58 4

fl=(26)
fn=(72)
33 10
-1 100
+1 26
+1 100
+2 70
-3 22

fl=(43) /build/glibc-t3gR2i/glibc-2.23/elf/dl-version.c
fn=(156) match_symbol
76 66
+9 6
-8 6
-1 12
+1 6
+8 6
+6 18
+15 6
+1 12
+2 6
+5 12
+14 72
+12 90
+4 30
-30 60
+19 30
cfi=(19)
cfn=(54)
calls=6 +11 
* 191
* 12
+35 48

fn=(154) _dl_check_map_versions
189 12
-15 36
+17 4
+3 12
-3 4
+2 4
+1 4
+2 4
-3 4
+3 4
+3 4
+4 2
-4 2
+4 8
+17 2
56 4
220 2
56 10
+1 5
-1 10
+2 21
cfi=(34)
cfn=(106)
calls=7 288 
* 906
* 16
228 6
+5 16
+19 4
-15 102
cfn=(156)
calls=4 76 
* 507
* 8
cfn=(156)
calls=2 76 
* 182
* 6
+7 36
+3 18
+9 12
+14 4
+3 8
+10 28
-7 112
+3 84
-3 8
+3 6
+8 9
+87 8
-81 12
cfi=(17)
cfn=(36)
calls=3 103 
* 114
* 3
+1 3
-2 3
+2 3
+11 3
+2 3
-5 3
+3 3
+2 3
-2 3
+2 3
+3 8
+4 6
+18 4
-15 12
+2 12
-2 6
+2 6
+2 6
+1 6
-1 12
+1 6
-1 6
+1 6
+1 6
-2 6
+2 12
+1 18
+3 18
+8 6
+10 9
+3 8
+20 28
-14 60
-2 28
+7 56
+1 28
-1 84
+1 28
-1 28
+1 28
+1 28
+3 90
+10 27
183 2
-8 2
+95 4
-80 2

fn=(152) _dl_check_all_versions
380 5
+4 7
+2 28
cfn=(154)
calls=4 189 
* 3105
-2 4
+2 12
-1 4
-1 8
+5 7

fl=(9)
fn=(60) _dl_discover_osversion
45 7
+2 3
+85 8
-45 3
cfi=(21) /build/glibc-t3gR2i/glibc-2.23/posix/../sysdeps/unix/syscall-template.S
cfn=(62) uname
calls=1 -3 
* 5
* 1
+15 1
-15 1
+20 1
-1 1
+3 12
+4 3
-2 6
+2 9
+7 3
-1 3
+4 3
-2 3
+2 10
+5 2

fl=(12)
fn=(24)
34 4
+8 6
+4 2
+16 5

fl=(13) /build/glibc-t3gR2i/glibc-2.23/elf/dl-environ.c
fn=(28) _dl_next_ld_env_entry
30 3
+3 10
+13 105
-13 315
+2 214
+1 22
+5 2
-3 2
+3 2
+2 2
-12 1
+19 1

fl=(28)
fn=(76)
24 25
+1 25
+1 25
+1 25
+1 25
+1 25
+1 25
+1 25
+1 23
+1 23
+1 23
+1 23
+1 23
+1 23
+1 23
+1 23
+1 23
+1 5
+4 5
+1 5
+1 5
+1 5
+2 5
+4 18
+1 18
+1 18
+1 18
+1 18
+1 18
+1 18
+1 18
+1 18
+1 18
+1 18
+1 18
+1 18
+1 18
+1 18
+1 18
+1 18
+1 18
+1 18
+1 18
+1 18
+1 18
+1 18
+1 29
+5 11
+1 11
+3 11
+1 11
+1 11
+1 11
+1 11
+1 11
+1 11
+1 11
+1 11
+1 11
+1 11
+1 11
+1 11
+1 11
+1 11
+1 11
+1 11
+1 11
+2 11
+1 11
-20 16
+1 16
+1 16
+1 16
+1 16
+1 16
+1 16
+1 16
+1 16
+1 16
+1 16
+1 16
+1 16
+1 16
+1 16
+1 16
+1 16
+1 16
+2 16
+1 16
+2 11
+1 11
+1 11
+1 11
+1 11
+1 11
+1 11
+1 11
+2 11
+1 11
+1 11
+1 11
+1 11
+1 11
+1 11
+1 11
+1 11
+1 11
+3 11
+4 11
+1 11
+1 11
+1 11
+2 11
-9 9
+4 9
+1 9
+1 9
+1 9
+2 9
+4 2
+1 2
+1 2
+1 2
+1 2
+1 2
+1 2
+1 2
+1 2
+1 2
+1 2
+1 2
+1 2
+1 2
+1 2
+1 2
+1 2
+1 2
+1 2
+1 2
+1 2
+1 2
+1 2
+1 2
+1 2
+1 2
+1 2
+1 2
+1 2
+1 2
+1 2
+1 2
+1 2
+1 2
+1 2
+1 2
+1 2
+1 2
+1 1

fl=(2)
fn=(102)
480 1
+2 1
-2 1
+3 8
cfi=(22)
cfn=(104)
calls=1 2167 
* 2358
* 1
+2 2

fn=(158) init_tls
573 1
+6 1
-6 1
+2 2
+4 1
+10 4
cfi=(17)
cfn=(36)
calls=1 103 
* 89
* 1
+11 1
-5 1
-7 1
+6 1
+2 1
-1 1
+5 1
+2 1
-1 1
+1 10
+2 8
+4 1
+2 1
-2 2
-5 8
+9 3
+3 1
cfi=(31)
cfn=(160)
calls=1 138 
* 71
+7 1
cfi=(31)
cfn=(162)
calls=1 354 
* 439
+1 1
-1 1
+1 1
+6 1
+3 1
-3 1
+3 6
+3 1
+2 1
+1 2

fn=(94) do_preload
654 4
+12 1
-12 2
+10 1
-4 1
+1 1
+5 4
-10 1
+6 1
+4 1
cfi=(32)
cfn=(96)
calls=1 163 
* 2434
+1 3
+10 3
+4 5

fn=(50)
688 10

fn=(52)
694 10

fn=(26)
738 1
+19 1
-19 7
2353 1
738 3
+19 1
+3 1
-22 1
2348 1
760 1
+4 2
+1 2
+5 2
2346 2
+7 4
-4 1
+4 8
+2 2
cfi=(13)
cfn=(28)
calls=1 30 
* 104
* 4
cfi=(13)
cfn=(28)
calls=2 30 
* 575
* 9
+4 50
+1 19
-1 57
+3 4
+6 14
2514 3
+30 3
780 3
981 7
cfi=(15)
cfn=(32)
calls=1 61 
* 250
+2 1
-2 1
+2 1
+1 1
+1 1
+5 2
-5 1
+1 2
+4 1
cfi=(15)
cfn=(48)
calls=1 32 
* 33
+1 3
747 1
1020 1
-3 1
-5 1
+1 1
+2 1
+5 7
+56 5
-55 24
-1 27
+1 47
1123 5
+3 2
+2 2
+2 3
+13 3
+1 6
cfi=(19)
cfn=(54)
calls=1 144 
* 44
* 2
+7 1
+3 1
-5 1
+3 1
+2 1
+1 2
+4 2
+2 2
fi=(3)
30 1
+9 2
+6 1
-2 1
+2 2
+15 1
+5 1
+3 1
+2 1
-3 1
-3 1
-3 14
+10 3
-26 9
+16 19
+10 19
-26 57
+26 1
-26 3
+2 46
+13 16
+2 4
+16 3
+38 3
+5 2
+7 2
+1 3
+16 3
+14 3
+18 2
fe=(2)
1166 2
cfi=(6)
cfn=(10)
calls=1 956 
* 23
+3 2
fi=(20) /build/glibc-t3gR2i/glibc-2.23/elf/setup-vdso.h
24 2
fe=(2)
1191 1
cfi=(9)
cfn=(60)
calls=1 45 
* 85
* 8
-75 2
+1 2
+1 1
-6 2
+1 1
-88 3
+1 1
+50 2
-1 8
+2 4
+1 1
+3 2
+1 2
-1 2
+1 2
+1 2
+1 6
+1 2
-43 1
-2 2
+27 1
-25 2
+7 1
-10 1
+10 1
-19 3
+1 1
fi=(3)
65 4
+3 4
+2 4
fe=(2)
2442 4
cfi=(14)
cfn=(30)
calls=1 24 
* 31
* 2
+2 3
-55 4
cfi=(14)
cfn=(30)
calls=1 24 
* 18
* 2
+7 4
cfi=(14)
cfn=(30)
calls=1 24 
* 36
* 2
+2 3
1185 3
+11 2
cfi=(22)
cfn=(64)
calls=1 661 
* 37450
+3 3
cfi=(30)
cfn=(88)
calls=1 50 
* 17
+7 1
-7 1
+2 1
+5 1
+3 3
+1 1
+3 1
-3 3
+1 2
+3 1
+5 1
-7 1
+7 1
+1 5
+17 2
+1 2
+5 1
-3 4
+2 2
+1 3
+5 3
+1 5
+2 2
+1 2
+5 2
+5 1
753 1
1262 2
1439 1
cfi=(31)
cfn=(90)
calls=1 115 
* 4
* 1
+8 3
+3 1
+4 3
+5 1
+1 1
cfi=(30)
cfn=(92)
calls=1 74 
* 1
+1 1
+4 3
+15 3
+4 1
-2 1
+2 2
+31 3
cfi=(24)
cfn=(68)
calls=1 84 
* 9
* 2
+77 1
1481 1
1592 3
+17 3
+1 1
-1 1
+1 2
-1 1
+1 5
cfi=(40)
cfn=(132)
calls=1 161 
* 19637
+1 1
+2 2
+3 1
-3 3
+3 1
-3 1
+3 3
+1 4
-1 2
+1 12
-1 6
+4 3
+1 3
+1 1
+2 2
+1 6
-1 5
+1 5
-1 3
-28 5
+1 1
-1 3
+4 3
+1 1
+1 2
+1 3
+34 1
+1 2
-1 1
+1 1
+2 1
+2 3
+2 1
-4 1
+5 1
-1 2
+14 2
+1 2
+1 3
+11 1
+2 1
-2 1
+2 2
-1 1
+1 1
-2 3
+2 1
cfi=(32)
cfn=(148)
calls=1 205 
* 3220
+10 1
+1 1
-1 1
+1 1
+1 1
cfn=(158)
calls=1 573 
* 670
* 1
+2 2
703 1
+2 3
fi=(97) /build/glibc-t3gR2i/glibc-2.23/elf/../sysdeps/unix/sysv/linux/dl-osinfo.h
77 1
fe=(2)
714 1
+7 1
-5 1
1692 3
1922 3
2092 4
+2 1
+5 3
cfi=(31)
cfn=(200)
calls=1 450 
* 147
+3 2
+9 3
+2 2
+15 1
+2 1
-2 2
+3 1
-3 1
+3 1
-3 1
+3 3
cfi=(44) /build/glibc-t3gR2i/glibc-2.23/elf/dl-reloc.c
cfn=(164) _dl_relocate_object
calls=1 149 
* 3984
+1 1
+2 6
+8 1
cfi=(7)
cfn=(202)
calls=1 256 
* 1
+4 3
+20 3
cfi=(30)
cfn=(88)
calls=1 50 
* 8
+1 1
-1 1
+2 1
cfi=(30)
cfn=(92)
calls=1 74 
* 1
+1 1
+4 1
cfi=(42)
cfn=(204) _dl_unload_cache
calls=1 322 
* 15
+5 8
2043 3
+7 1
+2 3
+19 1
-19 4
+2 1
+2 12
+5 8
+2 8
+6 4
+2 8
+1 24
cfi=(44)
cfn=(164)
calls=3 149 
* 66566
+4 14
-22 10
+25 1
+2 5
+6 1
-6 1
+6 1
-10 2
cfi=(31)
cfn=(198)
calls=1 890 
* 20
* 1
-12 1
+1 1
-3 2
-85 1
+11 1
-7 1
-4 1
+4 3
+4 2
+3 1
1491 2
cfi=(11)
cfn=(22)
calls=1 66 
* 34
* 8
cfi=(18)
cfn=(46)
calls=1 61 
* 69
* 1
+3 6
+3 3
cfi=(17)
cfn=(80)
calls=1 354 
* 766
* 3
cfi=(17)
cfn=(80)
calls=1 354 
* 6
* 6
+1 2
+1 3
+2 4
cfn=(94)
calls=1 654 
* 2462
* 2
1635 2
1503 1
+2 6

fn=(98)
648 8

fn=(2)
337 9
+18 4
fi=(5)
59 1
fe=(2)
355 1
fi=(3)
45 1
fi=(5)
+14 2
fe=(2)
381 1
fi=(3)
45 1
fe=(2)
378 1
fi=(3)
45 1
+25 2
-3 1
-7 1
+5 1
+3 1
+2 1
-3 1
-3 1
-3 2
-13 26
+23 13
-26 39
+26 1
-26 3
+2 36
+13 20
+1 16
+10 4
-26 12
+33 2
+20 4
+1 4
+1 4
+1 4
+2 4
+5 4
+1 4
+1 4
+6 3
+5 2
+7 3
+1 3
+8 3
+2 3
+3 2
+1 2
fe=(2)
392 2
286 1
399 1
286 1
cfi=(6)
cfn=(10)
calls=1 956 
* 23
+1 2
+1 2
+1 2
+1 2
+8 1
+9 1
-9 3
+9 1
-6 1
-3 1
+9 1
cfi=(7)
cfn=(12)
calls=1 86 
* 138281
* 1
+9 1
+3 4
+4 1
-4 1
+4 1
424 9
fi=(3)
62 4
+3 4
fe=(2)
397 26
fi=(4) /build/glibc-t3gR2i/glibc-2.23/elf/do-rel.h
84 1
+27 1
-28 1
+28 2
+1 2
fi=(5)
517 2
fi=(4)
112 18
fi=(5)
517 18
+1 20
fi=(4)
111 20
fi=(5)
518 10
fi=(4)
111 10
+5 2
+8 1
fi=(5)
312 1
fi=(4)
124 2
+12 1
+1 3
fi=(5)
266 1
fi=(4)
137 1
fi=(5)
294 1
fi=(4)
137 2
fi=(5)
294 1
fi=(4)
136 5
+1 15
fi=(5)
266 5
fi=(4)
137 5
fi=(5)
294 5
fi=(4)
137 10
fi=(5)
294 5
+9 12
+3 6
-3 12
+3 18
+6 36
fi=(3)
68 4
+2 3
fi=(5)
425 12
fi=(4)
124 19
fe=(2)

fn=(150)
513 2
+2 4
cfi=(43)
cfn=(152)
calls=1 380 
* 3180
* 2
+4 2

fl=(42)
fn=(204)
322 4
-1 1
+3 2
cfi=(38)
cfn=(206)
calls=1 84 
* 5
+1 1
+2 2

fn=(140)
185 9
+8 2
+3 3
+51 2
+9 1
+6 2
-6 4
+6 1
cfi=(24)
cfn=(68)
calls=1 84 
* 9
+19 1
-19 1
+19 162
cfn=(144) _dl_cache_libcmp
calls=10 138 
* 699
* 45
-15 4
+15 14
cfn=(144)
calls=1 138 
* 71
* 7
-82 4
cfi=(34)
cfn=(142)
calls=1 45 
* 94
+8 1
-8 1
+8 4
+1 4
cfi=(14)
cfn=(30)
calls=1 24 
* 38
* 2
+7 1
-3 1
+3 3
+3 1
+1 2
-1 1
+1 1
+1 4
cfi=(14)
cfn=(30)
calls=1 24 
* 32
* 2
+61 21
+16 2
+4 2
+8 3
cfi=(11)
cfn=(22)
calls=1 66 
* 34
* 2
+1 1
-1 4
+1 2
cfi=(18)
cfn=(46)
calls=1 61 
* 84
+1 2
cfi=(29)
cfn=(82)
calls=1 40 
* 109
+1 8
-31 9

fn=(144)
138 33
+1 24
+2 106
+2 53
-2 53
+2 2
+6 1
+2 1
-1 1
-1 1
+1 1
+1 4
+2 5
+2 2
+6 104
+2 188
+4 42
+1 42
-29 84
+32 3
-7 20

fl=(21)
fn=(62)
84 4
+1 1

fl=(44)
fn=(164)
149 40
+15 4
-15 8
+15 4
+1 24
+6 8
+6 12
-18 8
+22 8
+7 4
-32 4
+32 4
+44 4
fi=(5)
76 12
fe=(44)
232 8
fi=(5)
76 12
+6 6
+4 9
+14 3
-8 3
+10 3
-2 6
+20 6
+9 3
fe=(44)
258 164
-98 18
fi=(5)
301 24
fe=(44)
-43 3
fi=(4)
58 3
-10 3
-1 6
+11 3
-11 3
+11 3
fe=(44)
258 1
-98 6
fi=(5)
301 8
fe=(44)
-43 1
fi=(4)
58 1
-10 1
-1 2
+11 1
-11 1
+11 1
fe=(44)
258 4
fi=(4)
58 4
-10 4
-1 8
+11 4
-11 4
+11 4
+3 15
fi=(5)
528 48
+4 48
+2 72
+1 24
fi=(4)
61 93
+2 128
+2 26
-4 3
+13 6
+1 5
+1 16
fi=(5)
528 8
+26 8
fi=(4)
75 8
fi=(5)
554 16
cob=(3)
cfi=(52)
cfn=(196)
calls=1 0 
* 11
cob=(3)
cfi=(51)
cfn=(192)
calls=1 37 
* 66
cob=(3)
cfi=(50)
cfn=(190)
calls=1 30 
* 6
cob=(3)
cfi=(49)
cfn=(188)
calls=1 45 
* 6
cob=(3)
cfi=(45)
cfn=(186)
calls=1 129 
* 5
cob=(3)
cfi=(49)
cfn=(184)
calls=1 45 
* 6
cob=(3)
cfi=(46)
cfn=(178)
calls=1 38 
* 66
cob=(3)
cfi=(45)
cfn=(176)
calls=1 109 
* 5
fi=(4)
75 8
fi=(5)
555 8
fi=(4)
75 11
fe=(44)
258 2
fi=(4)
75 14
fe=(44)
258 14
+3 16
+24 4
+3 8
+17 12
+2 32
fi=(4)
84 5
-1 5
+3 10
-3 5
+3 5
+12 15
+10 6
+3 8
fi=(5)
512 2
fi=(4)
112 4
fi=(5)
512 1194
fi=(4)
112 2380
fi=(5)
512 2380
+5 2384
+1 2384
fi=(4)
111 2384
fi=(5)
518 1192
fi=(4)
111 1192
+7 15
+6 4
-3 8
+3 10
fi=(5)
447 9
fi=(4)
127 372
+9 186
+3 93
-3 93
+3 93
fi=(5)
269 93
fi=(4)
138 93
-2 93
+1 372
fi=(5)
269 93
+21 186
+4 186
+7 1774
fi=(4)
137 75
fi=(5)
301 150
fi=(4)
137 75
fi=(5)
301 75
fi=(4)
137 75
fi=(5)
301 150
fi=(4)
137 1
fi=(5)
301 2
fi=(4)
137 1
fi=(5)
301 1
fi=(4)
137 1
fi=(5)
301 1066
cfi=(6)
cfn=(170)
calls=76 806 
* 42452
* 608
+2 237
+3 91
-3 182
+3 273
+6 558
fe=(44)
178 8
fi=(5)
435 234
fi=(4)
124 285
+19 6
fi=(5)
301 57
fi=(4)
108 3
fi=(5)
407 42
+4 70
+14 70
+49 3
+4 7
cfi=(18)
cfn=(46)
calls=1 61 
* 18
+2 4
+1 1
fe=(44)
313 20
+3 4
-3 8
+3 4
+4 8
+1 16
cfi=(38)
cfn=(124)
calls=4 84 
* 20
* 12
fi=(5)
123 15
+6 12
fe=(44)
258 3
fi=(4)
129 8
fi=(5)
301 87
fi=(4)
160 7
+2 20
+8 10
+1 5
-1 5
+1 5
fi=(5)
+98 5
fi=(4)
-99 15
fi=(5)
+99 5
+21 10
+4 10
+7 180
cfi=(6)
cfn=(170)
calls=5 806 
* 2409
* 35
+2 15
+3 1
-3 2
+3 3
+6 30
435 15
fi=(4)
160 17
+14 2
fi=(5)
301 6
fe=(44)

fl=(53)
fn=(212) call_init.part.0
28 20
+8 4
+3 4
-3 8
+3 12
+5 21
+5 4
+9 12
cob=(3)
cfi=(55)
cfn=(226)
calls=1 -6 
* 176
cob=(2)
cfi=(16)
cfn=(214)
calls=1 -58 
* 6
* 2
+4 4
+6 2
+2 4
-2 4
+3 10
+1 8
cob=(3)
cfi=(61)
cfn=(238)
calls=1 482 
* 1161
cob=(4)
cfi=(54)
cfn=(218) 0x0000000000000650
calls=1 -72 
* 17
* 4
cob=(3)
cfi=(63)
cfn=(246)
calls=1 -39 
* 4
* 3
-1 6
+3 24
-29 3
-5 3

fn=(210)
80 11
+1 1
+1 1
+3 3
+8 2
+1 2
+25 15
+1 12
-90 20
cfn=(212)
calls=3 -2 
* 1450
* 3
+96 8
-96 2
+58 2
+16 1
cfn=(212)
calls=1 -76 
* 76
* 1

fl=(10)
fn=(18)
31 7
+8 1
-6 2
+7 1

ob=(4)
fl=(54)
fn=(218)
0 17

fn=(416)
0 8
cob=(2)
cfi=(16)
cfn=(422)
calls=1 0 
0 57
0 1
cfn=(430) 0x0000000000000580
calls=1 0 
0 9
0 3

fn=(430)
0 9

ob=(5)
fl=(72)
fn=(290)
285 7
+13 1
-13 3
+13 1
cfn=(292) read_image
calls=1 155 
* 62791
+1 2
fi=(85) /usr/include/x86_64-linux-gnu/bits/stdio2.h
97 6
cob=(3)
cfi=(86)
cfn=(368)
calls=1 -71 
* 802
* 1
fe=(72)
331 12

fn=(292)
155 2
+5 1
-5 5
+5 1
cob=(1)
cfi=(65)
cfn=(259)
calls=1 -96 
* 60916
* 5
+1 2
+15 7
fi=(85)
-79 5
cob=(1)
cfi=(65)
cfn=(259)
calls=1 -33 
* 1840
* 5
* 2
fe=(72)

fl=(64)
fn=(270)
0 15
cob=(2)
cfi=(16)
cfn=(272)
calls=1 0 
0 6
0 8
cfn=(276) 0x0000000000401030
calls=1 0 
0 16
0 11

fn=(408) 0x0000000000400f90
0 8

fn=(276)
0 16

fn=(404)
0 5
cfn=(408)
calls=1 0 
0 8
0 3

fn=(250)
0 11
cob=(1)
cfi=(65)
cfn=(258)
calls=1 64 
0 65615
0 5

totals: 206189
